Word;Coefficient
__ pic twitter;-7,7336835707759
ventur capit firm;-4,044804116661965
__ pic twitter com;-7,7336835707759
late last year;-4,044804116661965
__ serious think;-7,7336835707759
co founder ceo;-4,1501646323197905
__ serious think use;-7,7336835707759
protect press releas;-4,178335509286487
___ ask die;-7,7336835707759
valu balanc subject;-4,207323046159739
___ ask die closest;-7,7336835707759
tender back govern account;-4,207323046159739
___ associ press;-7,7336835707759
tender back govern;-4,207323046159739
___ associ press writer;-7,7336835707759
sourc content virtual currenc;-4,207323046159739
___ bitcoin bargain;-7,7336835707759
sourc content virtual;-4,207323046159739
___ bitcoin bargain rubinchuk;-7,7336835707759
releas inform purpos;-4,207323046159739
Word;Coefficient
__ ch border;-7,731492029245684
cyber secur expert;-4,265756126445957
__ ch border unescap;-7,731492029245684
cameron tyler winklevoss;-4,265756126445957
___ associ press;-7,731492029245684
financi servic industri;-4,297504824760538
___ associ press writer;-7,731492029245684
emerg respons team;-4,297504824760538
___ bank health;-7,731492029245684
depart homeland secur;-4,297504824760538
___ bank health care;-7,731492029245684
central bank issu;-4,297504824760538
___ bank lead;-7,731492029245684
york stock exchang;-4,3302946475835284
___ bank lead stock;-7,731492029245684
said blog post;-4,3302946475835284
___ bitcoin attract;-7,731492029245684
origin content http www;-4,3302946475835284
___ bitcoin attract bitcoin;-7,731492029245684
origin content http;-4,3302946475835284
Word;Coefficient
__ pic twitter;-7,71244383427499
valu balanc subject;-4,12892489581888
__ pic twitter com;-7,71244383427499
tender back govern account;-4,12892489581888
___ ap busi;-7,71244383427499
tender back govern;-4,12892489581888
___ ap busi writer;-7,71244383427499
sourc content virtual currenc;-4,12892489581888
___ ask die;-7,71244383427499
sourc content virtual;-4,12892489581888
___ ask die closest;-7,71244383427499
releas inform purpos;-4,12892489581888
___ australia govern;-7,71244383427499
protect press releas inform;-4,12892489581888
___ australia govern say;-7,71244383427499
protect press releas;-4,12892489581888
___ bank england;-7,71244383427499
press releas inform purpos;-4,12892489581888
___ bank england chief;-7,71244383427499
press releas inform;-4,12892489581888
Word;Coefficient
__ pic twitter;-7,734121303328305
late last year;-4,096535143601919
__ pic twitter com;-7,734121303328305
virtual currenc legal tender;-4,207760778712143
___ ask die;-7,734121303328305
virtual currenc legal;-4,207760778712143
___ ask die closest;-7,734121303328305
valu balanc subject;-4,207760778712143
___ associ press;-7,734121303328305
tender back govern account;-4,207760778712143
___ associ press writer;-7,734121303328305
tender back govern;-4,207760778712143
___ australia govern;-7,734121303328305
sourc content virtual currenc;-4,207760778712143
___ australia govern say;-7,734121303328305
sourc content virtual;-4,207760778712143
___ bitcoin bargain;-7,734121303328305
releas inform purpos;-4,207760778712143
___ bitcoin bargain rubinchuk;-7,734121303328305
protect press releas inform;-4,207760778712143
Word;Coefficient
__ ch border;-7,7025561132685825
blockchain distribut ledger;-4,064969953542197
__ ch border unescap;-7,7025561132685825
gertrud chavez dreyfuss edit;-4,119037174812473
__ serious think;-7,7025561132685825
chavez dreyfuss edit;-4,119037174812473
__ serious think use;-7,7025561132685825
technolog behind bitcoin;-4,176195588652421
___ ap busi;-7,7025561132685825
said blog post;-4,176195588652421
___ ap busi writer;-7,7025561132685825
protect press releas;-4,176195588652421
___ associ press;-7,7025561132685825
press releas inform;-4,176195588652421
___ associ press writer;-7,7025561132685825
valu balanc subject;-4,206048551802102
___ bank england;-7,7025561132685825
tender back govern account;-4,206048551802102
___ bank england chief;-7,7025561132685825
tender back govern;-4,206048551802102
Word;Coefficient
__ pic twitter;-7,752764808851328
ventur capit firm;-3,924123412362233
__ pic twitter com;-7,752764808851328
financi servic industri;-4,169245870395218
___ associ press;-7,752764808851328
use virtual currenc;-4,197416747361915
___ associ press writer;-7,752764808851328
said blog post;-4,226404284235167
___ bank health;-7,752764808851328
releas inform purpos inform;-4,256257247384848
___ bank health care;-7,752764808851328
purpos inform constitut invest;-4,256257247384848
___ bank lead;-7,752764808851328
purpos inform constitut;-4,256257247384848
___ bank lead stock;-7,752764808851328
invest advic offer;-4,256257247384848
___ bitcoin attract;-7,752764808851328
inform purpos inform constitut;-4,256257247384848
___ bitcoin attract bitcoin;-7,752764808851328
inform purpos inform;-4,256257247384848
Word;Coefficient
__ pic twitter;-7,733245646529795
ventur capit firm;-4,0956594868034095
__ pic twitter com;-7,733245646529795
cyber secur expert;-4,177897585040382
___ ask die;-7,733245646529795
price digit currenc;-4,206885121913634
___ ask die closest;-7,733245646529795
blockchain distribut ledger;-4,206885121913634
___ associ press;-7,733245646529795
secur expert said;-4,236738085063315
___ associ press writer;-7,733245646529795
tie bank govern;-4,267509743730068
___ australia govern;-7,733245646529795
gertrud chavez dreyfuss edit;-4,267509743730068
___ australia govern say;-7,733245646529795
chavez dreyfuss edit;-4,267509743730068
___ bank england;-7,733245646529795
use digit currenc;-4,299258442044649
___ bank england chief;-7,733245646529795
maintain network comput;-4,299258442044649
Word;Coefficient
__ serious think;-7,736307096548285
valu balanc subject;-4,072745450418639
__ serious think use;-7,736307096548285
tender back govern account;-4,072745450418639
___ ap busi;-7,736307096548285
tender back govern;-4,072745450418639
___ ap busi writer;-7,736307096548285
sourc content virtual currenc;-4,072745450418639
___ ask die;-7,736307096548285
sourc content virtual;-4,072745450418639
___ ask die closest;-7,736307096548285
releas inform purpos;-4,072745450418639
___ associ press;-7,736307096548285
protect press releas inform;-4,072745450418639
___ associ press writer;-7,736307096548285
protect press releas;-4,072745450418639
___ bitcoin bargain;-7,736307096548285
press releas inform purpos;-4,072745450418639
___ bitcoin bargain rubinchuk;-7,736307096548285
press releas inform;-4,072745450418639
Word;Coefficient
__ ch border;-7,684324067681155
financi servic industri;-4,020762421551509
__ ch border unescap;-7,684324067681155
late last year;-4,187816506214675
__ serious think;-7,684324067681155
cyber secur expert;-4,187816506214675
__ serious think use;-7,684324067681155
releas inform purpos inform;-4,218588164881428
___ ask die;-7,684324067681155
purpos inform constitut invest;-4,218588164881428
___ ask die closest;-7,684324067681155
purpos inform constitut;-4,218588164881428
___ associ press;-7,684324067681155
invest advic offer;-4,218588164881428
___ associ press writer;-7,684324067681155
inform purpos inform constitut;-4,218588164881428
___ bitcoin futur;-7,684324067681155
inform purpos inform;-4,218588164881428
___ bitcoin futur advanc;-7,684324067681155
inform constitut invest advic;-4,218588164881428
